0
1
2
3
4
5
6
7
8
9
10
11
12
13
14
15
16
17
18
19
20
21
22
23
24
25
26
27
28
29
30
31
32
33
34
35
36
37
38
39
40
41
42
43
44
45
46
47
48
49
50
51
52
53
54
55
56
57
58
59
60
61
62
63
64
65
66
67
68
69
70
71
72
73
74
75
76
77
78
79
80
81
82
83
84
85
86
87
88
89
90
91
92
93
94
95
96
97
98
99
100
101
102
103
104
105
106
107
108
109
110
111
112
113
114
115
116
117
118
119
120
121
122
123
124
125
126
127
128
129
130
131
132
133
134
135
136
137
138
139
140
141
142
143
144
145
146
147
148
149
150
151
152
153
154
155
156
157
158
159
160
161
162
163
164
165
166
167
168
169
170
171
172
173
174
175
176
177
178
179
180
181
182
183
184
185
186
187
188
189
190
191
192
193
194
195
196
197
198
199
200
201
202
203
204
205
206
207
208
209
210
211
212
213
214
215
216
217
218
219
220
221
222
223
224
225
226
227
228
229
230
231
232
233
234
235
236
237
238
239
240
241
242
243
244
245
246
247
248
249
0
250
1
251
252
253
254
255
256
257
258
259
260
261
262
263
264
265
266
267
268
269
270
271
272
273
274
275
276
277
278
279
280
281
282
283
284
285
286
287
288
289
290
291
292
293
294
295
296
297
298
299
300
301
302
303
304
305
306
307
308
309
310
311
312
313
314
315
316
317
318
319
320
321
322
323
324
325
326
327
328
329
330
331
332
333
334
335
336
337
338
339
340
341
342
343
344
345
346
347
348
349
350
351
352
353
354
355
356
357
358
359
360
361
362
363
364
365
366
367
368
369
370
371
372
373
374
375
376
377
378
379
380
381
382
383
384
385
386
387
388
389
390
391
392
393
394
395
396
397
398
399
400
401
402
403
404
405
406
407
408
409
410
411
412
413
414
415
416
417
418
419
420
421
422
423
424
425
426
427
428
429
430
431
432
433
434
435
436
437
438
439
440
441
442
443
444
445
446
0
447
1
448
2
449
3
450
4
451
5
452
6
453
7
454
8
455
9
456
10
457
11
458
12
459
13
460
14
461
462
463
464
465
466
467
468
469
470
471
472
15
473
16
474
17
475
18
476
19
477
20
478
21
479
22
480
23
481
24
482
25
483
26
484
27
485
28
486
29
487
30
488
31
489
32
490
33
491
34
492
35
493
36
494
37
495
38
496
39
497
40
498
41
499
42
500
43
501
44
502
45
503
46
504
47
505
48
506
49
507
50
508
51
509
52
510
53
511
54
512
55
513
56
514
57
515
58
516
59
517
60
518
61
519
62
520
63
521
64
522
65
523
66
524
67
525
68
526
69
527
70
528
71
529
72
530
73
531
74
532
75
533
76
534
77
535
78
536
79
537
80
538
81
539
82
540
83
541
84
542
85
543
86
544
87
545
88
546
89
547
90
548
91
549
92
550
93
551
94
552
95
553
96
554
97
555
98
556
99
557
100
558
101
559
102
560
103
561
104
562
105
563
106
564
107
565
108
566
109
567
110
568
111
569
112
570
571
113
572
114
573
115
574
116
575
117
576
118
577
119
120
578
579
121
122
580
581
123
124
582
125
583
126
584
127
585
128
586
129
587
588
130
131
589
132
590
591
133
134
592
135
593
136
594
595
137
596
138
139
597
140
598
599
141
142
600
143
601
144
602
145
603
146
604
147
605
148
606
149
607
150
608
151
609
610
152
611
153
612
154
155
613
614
156
157
615
616
158
617
159
618
160
619
161
620
162
163
621
622
164
623
165
624
166
625
167
168
626
169
627
170
628
171
629
630
172
173
631
174
632
175
633
176
634
635
177
636
178
637
179
180
638
639
181
182
640
183
641
184
642
643
185
186
644
645
187
646
188
189
647
648
190
649
191
650
192
651
193
652
194
195
653
196
654
197
655
198
656
199
657
658
200
201
659
202
660
203
661
204
662
205
663
206
664
665
207
666
208
209
667
210
668
211
669
670
212
213
671
214
672
673
215
216
674
217
675
218
676
677
219
220
678
221
679
222
680
223
681
224
682
225
683
226
684
227
685
686
228
229
687
688
230
231
689
232
690
233
691
234
692
235
693
236
694
237
695
238
696
239
697
240
698
241
699
242
700
243
701
244
702
245
703
246
704
247
705
706
248
707
249
250
708
251
709
252
710
253
711
254
712
255
713
256
714
257
715
716
258
259
717
260
718
261
719
262
720
721
263
264
722
265
723
266
724
267
725
268
726
269
727
270
728
271
729
272
730
731
273
274
732
275
733
276
734
277
735
736
278
279
737
280
738
281
739
282
740
283
741
284
742
743
285
286
744
287
745
746
288
289
747
290
748
291
749
750
292
293
751
294
752
295
753
296
754
297
755
298
756
299
757
758
300
301
759
302
760
303
761
304
762
305
763
306
764
307
765
308
766
767
309
310
768
311
769
312
770
313
771
314
772
315
773
774
316
775
317
318
776
319
777
320
778
321
779
322
780
323
781
324
782
325
783
326
784
327
785
328
786
329
787
330
788
331
789
332
790
333
791
334
792
335
793
336
794
337
795
338
796
339
797
340
798
341
799
342
800
343
801
344
802
803
345
346
804
347
805
348
806
807
349
808
350
809
351
352
810
353
811
812
354
355
813
356
814
357
815
358
816
817
359
818
360
361
819
362
820
821
363
822
364
365
823
366
824
367
825
368
826
369
827
370
828
829
371
372
830
373
831
832
374
375
833
834
376
377
835
836
378
837
379
380
838
381
839
382
840
383
841
384
842
385
843
386
844
387
845
388
846
389
847
390
848
391
849
392
850
393
851
394
852
395
853
396
854
397
855
398
856
399
857
400
858
401
859
402
860
403
861
862
404
863
405
864
406
865
407
408
866
867
409
868
410
869
411
870
412
871
413
872
414
873
415
874
416
875
417
876
418
877
419
878
420
879
421
422
880
423
881
424
882
425
883
426
884
427
885
886
428
429
887
430
888
431
889
890
432
433
891
434
892
893
435
894
436
895
437
438
896
897
439
898
440
899
441
900
442
901
443
444
902
445
903
446
904
447
905
448
906
449
907
908
450
451
909
452
910
911
453
454
912
913
455
456
914
457
915
916
458
917
459
918
460
461
919
462
920
463
921
464
922
923
465
466
924
925
467
468
926
469
927
470
928
471
929
472
930
931
473
474
932
933
475
476
934
935
477
478
936
937
479
480
938
481
939
482
940
483
941
484
942
485
943
944
486
487
945
488
946
489
947
490
948
491
949
492
950
951
493
952
494
495
953
954
496
497
955
498
956
957
499
500
958
501
959
960
502
961
503
962
504
963
505
964
506
965
507
508
966
967
509
968
510
511
969
970
512
971
513
972
514
515
973
974
516
975
517
518
976
977
519
520
978
521
979
980
522
523
981
524
982
983
525
984
526
527
985
986
528
987
529
530
988
989
531
532
990
533
991
534
992
535
993
994
536
537
995
538
996
539
997
540
998
541
999
542
1000
543
1001
544
1002
1003
545
546
1004
1005
547
548
1006
549
1007
550
1008
551
1009
552
1010
553
1011
554
1012
555
1013
556
1014
557
1015
558
1016
559
1017
560
1018
1019
561
1020
562
563
1021
1022
564
565
1023
566
1024
567
1025
1026
568
1027
569
1028
570
1029
571
1030
572
1031
573
1032
574
1033
575
1034
576
1035
577
1036
578
1037
579
1038
580
581
1039
582
1040
583
1041
1042
584
1043
585
1044
586
1045
587
1046
588
1047
589
1048
590
591
1049
592
1050
593
1051
594
1052
595
1053
596
1054
597
1055
598
1056
1057
599
1058
600
1059
601
1060
602
1061
603
1062
604
605
1063
606
1064
1065
607
1066
608
1067
609
610
1068
611
1069
612
1070
613
1071
614
1072
615
1073
1074
616
617
1075
618
1076
1077
619
1078
620
621
1079
1080
622
623
1081
624
1082
625
1083
626
1084
627
1085
628
1086
629
1087
1088
630
631
1089
632
1090
633
1091
1092
634
635
1093
636
1094
1095
637
1096
638
1097
639
640
1098
641
1099
1100
642
1101
643
1102
644
1103
645
1104
646
647
1105
1106
648
1107
649
650
1108
1109
651
1110
652
1111
653
1112
654
1113
655
1114
656
657
1115
658
1116
1117
659
1118
660
661
1119
662
1120
663
1121
664
1122
665
1123
666
1124
667
1125
668
1126
1127
669
670
1128
671
1129
1130
672
673
1131
1132
674
1133
675
1134
676
1135
677
1136
678
679
1137
680
1138
1139
681
1140
682
1141
683
1142
684
1143
685
1144
686
1145
687
688
1146
689
1147
690
1148
691
1149
1150
692
1151
693
1152
694
695
1153
696
1154
697
1155
698
1156
699
1157
700
1158
701
1159
702
1160
703
1161
704
1162
705
1163
706
1164
707
1165
708
1166
709
1167
710
1168
711
1169
712
1170
713
1171
1172
714
1173
715
1174
716
1175
717
718
1176
1177
719
1178
720
1179
721
722
1180
1181
723
724
1182
725
1183
726
1184
1185
727
1186
728
1187
729
730
1188
731
1189
732
1190
733
1191
734
1192
735
1193
1194
736
1195
737
1196
738
1197
739
1198
740
741
1199
742
743
744
745
746
747
748
749
750
751
752
753
754
755
756
757
758
759
760
761
762
763
764
765
766
767
768
769
770
771
772
773
774
775
776
777
778
779
780
781
782
783
784
785
786
787
788
789
790
791
792
793
794
795
796
797
798
799
800
801
802
803
804
805
806
807
808
809
810
811
812
813
814
815
816
817
818
819
820
821
822
823
824
825
826
827
828
829
830
831
832
833
834
835
836
837
838
839
840
841
842
843
844
845
846
847
848
849
850
851
852
853
854
855
856
857
858
859
860
861
862
863
864
865
866
867
868
869
870
871
872
873
874
875
876
877
878
879
880
881
882
883
884
885
886
887
888
889
890
891
892
893
894
895
896
897
898
899
900
901
902
903
904
905
906
907
908
909
910
911
912
913
914
915
916
917
918
919
920
921
922
923
924
925
926
927
928
929
930
931
932
933
934
935
936
937
938
939
940
941
942
943
944
945
946
947
948
949
950
951
952
953
954
955
956
957
958
959
960
961
962
963
964
965
966
967
968
969
970
971
972
973
974
975
976
977
978
979
980
981
982
983
984
985
986
987
988
989
990
991
992
993
994
995
996
997
998
999
1000
1001
1002
1003
1004
1005
1006
1007
1008
1009
1010
1011
1012
1013
1014
1015
1016
1017
1018
1019
1020
1021
1022
1023
1024
1025
1026
1027
1028
1029
1030
1031
1032
1033
1034
1035
1036
1037
1038
1039
1040
1041
1042
1043
1044
1045
1046
1047
1048
1049
1050
1051
1052
1053
1054
1055
1056
1057
1058
1059
1060
1061
1062
1063
1064
1065
1066
1067
1068
1069
1070
1071
1072
1073
1074
1075
1076
1077
1078
1079
1080
1081
1082
1083
1084
1085
1086
1087
1088
1089
1090
1091
1092
1093
1094
1095
1096
1097
1098
1099
1100
1101
1102
1103
1104
1105
1106
1107
1108
1109
1110
1111
1112
1113
1114
1115
1116
1117
1118
1119
1120
1121
1122
1123
1124
1125
1126
1127
1128
1129
1130
1131
1132
1133
1134
1135
1136
1137
1138
1139
1140
1141
1142
1143
1144
1145
1146
1147
1148
1149
1150
1151
1152
1153
1154
1155
1156
1157
1158
1159
1160
1161
1162
1163
1164
1165
1166
1167
1168
1169
1170
1171
1172
1173
1174
1175
1176
1177
1178
1179
1180
1181
1182
1183
1184
1185
1186
1187
1188
1189
1190
1191
1192
1193
1194
1195
1196
1197
1198
1199
